いま 10:54
発売時刻が過ぎた（先にヒールできる）90件
517,608,620,785,946,950,1055,1109,1776,1835,1863,2016,2669,2769,2902,3477,4051,4361,4739,4754,4756,4757,4771,4772,4787,5202,5213,5233,5479,5565,5587,5692,5753,6068,6115,6148,6149,6158,6287,6454,6614,7081,7130,7255,7318,7574,7745,7753,7781,7790,7792,7870,7904,7916,7944,8156,8363,10447,10448,10452,10461,10472,10482,10494,10770,11096,11099,11127,11140,11151,11155,11179,11180,11201,11208,11209,11213,11225,11241,11243,11244,11245,11250,11275,11276,11277,11283,11284,11293,11297

11:00 発売＝まだ 6件: 503,3818,5595,7116,7336,8336
12:00 発売＝まだ 9件: 2496,3879,4173,4307,4436,5212,6988,11108,11142
18:00 発売＝まだ 3件: 10485,11137,11138
19:00 発売＝まだ 1件: 3947
20:00 発売＝まだ 9件: 10841,11158,11159,11160,11161,11252,11253,11254,11255
21:00 発売＝まだ 1件: 7854
