C（公演日は未来だが買える枠ゼロ）: 113 件
最終締切の分布（上位）: [('2026-08-23', 53), ('2026-08-16', 17), ('2026-08-20', 15), ('2026-08-22', 11), ('2026-08-18', 5), ('2026-08-14', 3), ('2026-08-07', 1), ('枠なし', 1), ('2026-08-19', 1), ('2026-08-15', 1), ('2026-08-17', 1), ('2026-08-11', 1)]

公演日が今日(8/24)のもの＝明朝の削除候補予備軍:
  id=835 THE MICRO HEAD 4N'S (最終締切 2026-08-23)
  id=862 Ｅｎｆｉｎｉ／Ｍｉｋｅｙ／宮田大樹／梶有紀子／京都マリシー／菊田雪心 (最終締切 2026-08-22)
  id=979 ROLL((CAKE))TIME (最終締切 2026-08-23)
  id=1138 トム・プロジェクト プロデュース 「沼の中の淑女たち」 (最終締切 2026-08-22)
  id=1224 リルキア ロックフェスティバル (最終締切 2026-08-23)
  id=2086 【パンキッシュガーデン】エクストラシルバー (最終締切 2026-08-23)
  id=2809 第26回 全日本新体操クラブ団体選手権 (最終締切 2026-08-14)
  id=2927 すいているのに相席～朗読版～ (最終締切 2026-08-23)

C の id 全部: 179,446,504,533,631,673,753,835,862,924,979,1040,1137,1138,1224,1242,1287,1344,1401,1783,1944,1956,2004,2086,2206,2265,2616,2744,2748,2752,2809,2866,2927,3116,3120,3169,3178,3463,3484,3683,3696,3755,3899,4015,4026,4033,4034,4035,4036,4039,4043,4051,4055,4056,4059,4066,4069,4074,4080,4081,4084,4085,4087,4089,4094,4099,4100,4106,4107,4113,4117,4118,4121,4133,4134,4140,4145,4146,4150,4153,4154,4155,4156,4165,4172,4332,4346,4402,4404,4405,4406,4408,4409,4410,4411,4412,4413,4414,4415,4416,4417,4418,4420,4422,4423,4424,4425,4916,5028,5029,5030,5031,5032

うち最終締切が 2026-08-23（昨日切れたばかり）: 446,504,753,835,979,1040,1137,1224,1287,1401,1783,2004,2086,2206,2744,2752,2927,3169,3178,3484,3755,4034,4039,4043,4055,4056,4059,4084,4085,4087,4099,4107,4113,4118,4121,4332,4346,4402,4404,4405,4406,4408,4409,4410,4411,4412,4413,4414,4415,4416,4417,4418,4916